  0.00010000   0.00017322   0.00007322   0.00013161 164.00000000
  0.00017322   0.00030004   0.00012682   0.00022797 166.00000000
  0.00030004   0.00051971   0.00021967   0.00039488 169.00000000
  0.00051971   0.00090021   0.00038050   0.00068399 174.00000000
  0.00090021   0.00155930   0.00065909   0.00118478 180.00000000
  0.00155930   0.00270095   0.00114165   0.00205222 188.00000000
  0.00270095   0.00467846   0.00197751   0.00355476 201.00000000
  0.00467846   0.00810380   0.00342535   0.00615738 220.00000000
  0.00810380   0.01403703   0.00593322   0.01066552 261.00000000
  0.01403703   0.02431427   0.01027724   0.01847431 202.00000000
  0.02431427   0.04211602   0.01780175   0.03200032 102.00000000
  0.04211602   0.07295137   0.03083535   0.05542943  77.00000000
  0.07295137   0.12636289   0.05341153   0.09601222  45.00000000
  0.12636289   0.21887980   0.09251691   0.16630780  18.00000000
  0.21887980   0.37913319   0.16025339   0.28807047  19.00000000
  0.37913319   0.65671650   0.27758331   0.49898199  12.00000000
  0.65671650   1.13753311   0.48081661   0.86431288   7.00000000
  1.13753311   1.97038080   0.83284769   1.49712171   4.00000000
  1.97038080   3.41300000   1.44261920   2.59324308   2.00000000
  3.41300000   0.0          0.0          0.0          1.00000000 
  5.913        0.0          0.0          0.0          1.00000000
 10.244        0.0          0.0          0.0          0.00000000